Extracting dataset  AIDS..
Parsing dataset  AIDS..
Parse was succesful..
Deleting unzipped dataset files..
Going back to the original directory..
train_acc: 0.9966178753081829, train_f1: 0.9981286098040563, test_acc: 0.9966228654859393, test_f1: 0.9981366279910882
train_acc: 0.9967429531876026, train_f1: 0.9981978137567552, test_acc: 0.9966101694915255, test_f1: 0.9981327760685745
train_acc: 0.9966178753081827, train_f1: 0.99812858579159, test_acc: 0.9966228654859393, test_f1: 0.9981347110156538
train_acc: 0.9966177576062888, train_f1: 0.9981285378165795, test_acc: 0.9966133434901288, test_f1: 0.9981308411214952
train_acc: 0.9966803750139281, train_f1: 0.9981632237741584, test_acc: 0.996613343490129, test_f1: 0.9981366279910882
train_acc: 0.9966177183723242, train_f1: 0.99812858579159, test_acc: 0.9966101694915255, test_f1: 0.9981347110156538
train_acc: 0.9966178360742182, train_f1: 0.9981285378165795, test_acc: 0.9966196914873358, test_f1: 0.9981308411214952
train_acc: 0.9968058452329949, train_f1: 0.9982324757767858, test_acc: 0.996622865485939, test_f1: 0.9981327760685744
train_acc: 0.9968057667650655, train_f1: 0.9982324517892804, test_acc: 0.9966165174887323, test_f1: 0.9981308411214952
train_acc: 0.9968058452329949, train_f1: 0.9982324517892804, test_acc: 0.9966228654859393, test_f1: 0.9981308411214952
acc: 0.9966174696883133(5.405124854282233e-06)
f1: 0.9981331594636614(2.372734413524347e-06)
