Extracting dataset  AIDS..
Parsing dataset  AIDS..
Parse was succesful..
Deleting unzipped dataset files..
Going back to the original directory..
train_acc: 0.9968057275311007, train_f1: 0.9982325237767572, test_acc: 0.9966228654859393, test_f1: 0.9981366279910882
train_acc: 0.9969308054105207, train_f1: 0.9983017757793844, test_acc: 0.9971751412429379, test_f1: 0.9984423676012462
train_acc: 0.9966178753081827, train_f1: 0.99812858579159, test_acc: 0.9966228654859393, test_f1: 0.9981347110156538
train_acc: 0.9969934620521247, train_f1: 0.9983363657619814, test_acc: 0.9966133434901288, test_f1: 0.9981308411214952
train_acc: 0.9969935797540188, train_f1: 0.9983364377494581, test_acc: 0.996613343490129, test_f1: 0.9981366279910882
train_acc: 0.9967429531876026, train_f1: 0.9981978857941888, test_acc: 0.9971751412429379, test_f1: 0.9984443025483254
train_acc: 0.9969937759238423, train_f1: 0.9983363657619814, test_acc: 0.9966196914873358, test_f1: 0.9981308411214952
train_acc: 0.9969938151578068, train_f1: 0.9983363897494867, test_acc: 0.996622865485939, test_f1: 0.9981327760685744
train_acc: 0.9969937366898776, train_f1: 0.9983363657619814, test_acc: 0.9966165174887323, test_f1: 0.9981308411214952
train_acc: 0.9969936974559127, train_f1: 0.9983363657619814, test_acc: 0.9966228654859393, test_f1: 0.9981308411214952
acc: 0.9967304640385958(0.0002343962092846465)
f1: 0.9981950777701958(0.00013086423802896862)
