Extracting dataset  AIDS..
Parsing dataset  AIDS..
Parse was succesful..
Deleting unzipped dataset files..
Going back to the original directory..
train_acc: 0.9979329978044674, train_f1: 0.9988557915506192, test_acc: 0.9960578937345268, test_f1: 0.9978231483672637
train_acc: 0.9983089768880562, train_f1: 0.9990635475085442, test_acc: 0.9971751412429379, test_f1: 0.9984423676012462
train_acc: 0.9981211246651382, train_f1: 0.9989596815858407, test_acc: 0.9966228654859393, test_f1: 0.9981308290280761
train_acc: 0.9981211638991028, train_f1: 0.9989597055732767, test_acc: 0.9966133434901288, test_f1: 0.9981288879774215
train_acc: 0.9981836243708834, train_f1: 0.9989943675433504, test_acc: 0.9960483717387165, test_f1: 0.9978231483672637
train_acc: 0.9986219462243587, train_f1: 0.9992369056837236, test_acc: 0.9971751412429379, test_f1: 0.9984384674166741
train_acc: 0.9983715550617308, train_f1: 0.9990982335910668, test_acc: 0.9971846632387482, test_f1: 0.9984423676012459
train_acc: 0.9981837420727775, train_f1: 0.9989942234684837, test_acc: 0.9971846632387482, test_f1: 0.9984423676012459
train_acc: 0.9981211638991029, train_f1: 0.9989596335358433, test_acc: 0.9966165174887323, test_f1: 0.9981308411214952
train_acc: 0.9976201069360942, train_f1: 0.998682697662681, test_acc: 0.9971846632387482, test_f1: 0.9984423676012459
acc: 0.9967863264140163(0.00046416466541841496)
f1: 0.9982244792683179(0.0002548422996801801)
