Extracting dataset  AIDS..
Parsing dataset  AIDS..
Parse was succesful..
Deleting unzipped dataset files..
Going back to the original directory..
train_acc: 0.9982462417785227, train_f1: 0.9990287413137338, test_acc: 0.9971846632387482, test_f1: 0.9984481544708389
train_acc: 0.9983088591861622, train_f1: 0.9990634033337642, test_acc: 0.9983050847457626, test_f1: 0.9990654205607477
train_acc: 0.9983089376540913, train_f1: 0.9990634033337642, test_acc: 0.9983114327429696, test_f1: 0.9990654205607477
train_acc: 0.998308859186162, train_f1: 0.9990634033337642, test_acc: 0.9983050847457626, test_f1: 0.9990654205607477
train_acc: 0.9983088984201267, train_f1: 0.9990634033337642, test_acc: 0.996613343490129, test_f1: 0.9981366279910882
train_acc: 0.998308859186162, train_f1: 0.9990634033337642, test_acc: 0.9983050847457626, test_f1: 0.9990654205607477
train_acc: 0.9983089376540913, train_f1: 0.9990634033337642, test_acc: 0.9983114327429696, test_f1: 0.9990654205607477
train_acc: 0.9983089768880561, train_f1: 0.9990634033337642, test_acc: 0.9983146067415731, test_f1: 0.9990654205607477
train_acc: 0.9981837028388127, train_f1: 0.9989941513810937, test_acc: 0.9977464609915572, test_f1: 0.9987538940809969
train_acc: 0.9981837028388126, train_f1: 0.9989941513810935, test_acc: 0.9977464609915572, test_f1: 0.9987538940809969
acc: 0.9979143655176792(0.0005976816262785369)
f1: 0.9988485093988405(0.0003278322804218613)
