Extracting dataset  AIDS..
Parsing dataset  AIDS..
Parse was succesful..
Deleting unzipped dataset files..
Going back to the original directory..
train_acc: 0.9834650417527853, train_f1: 0.9908352373543735, test_acc: 0.986472417952136, test_f1: 0.992515350933753
train_acc: 0.9847173114376424, train_f1: 0.9915300430538142, test_acc: 0.9887227829619756, test_f1: 0.9937596623007832
train_acc: 0.9840286376555039, train_f1: 0.9911484956524056, test_acc: 0.9870278677077382, test_f1: 0.9928094754481499
train_acc: 0.9847177037772893, train_f1: 0.991529994334839, test_acc: 0.9847775026978989, test_f1: 0.9915534750499649
train_acc: 0.984717468373501, train_f1: 0.9915307899688554, test_acc: 0.9875991874563574, test_f1: 0.9931228510744002
train_acc: 0.9844041066975515, train_f1: 0.9913557696016044, test_acc: 0.9858884022091031, test_f1: 0.9921902441207482
train_acc: 0.9841539509387118, train_f1: 0.9912167838773897, test_acc: 0.990411350219006, test_f1: 0.9946727131655306
train_acc: 0.9845298123204065, train_f1: 0.9914262738569519, test_acc: 0.9887291309591824, test_f1: 0.9937576849663279
train_acc: 0.9847174291395365, train_f1: 0.9915295612773942, test_acc: 0.9875960134577539, test_f1: 0.9931210264573634
train_acc: 0.9848430170604973, train_f1: 0.9915982342590693, test_acc: 0.9870500856979623, test_f1: 0.9928133453423083
acc: 0.9874274741319115(0.0015964848034914123)
f1: 0.9930315828859329(0.0008833692417331165)
