Extracting dataset  AIDS..
Parsing dataset  AIDS..
Parse was succesful..
Deleting unzipped dataset files..
Going back to the original directory..
train_acc: 0.9981209284953148, train_f1: 0.9989594893610633, test_acc: 0.9966228654859393, test_f1: 0.9981366279910882
train_acc: 0.9983088984201267, train_f1: 0.9990634754211543, test_acc: 0.9977401129943502, test_f1: 0.9987538940809969
train_acc: 0.9984342117033348, train_f1: 0.9991327514363171, test_acc: 0.9971846632387482, test_f1: 0.9984384674166741
train_acc: 0.9982462025445578, train_f1: 0.9990288134011239, test_acc: 0.9977432869929537, test_f1: 0.9987538940809969
train_acc: 0.998371515827766, train_f1: 0.9990980653537944, test_acc: 0.996613343490129, test_f1: 0.9981366279910882
train_acc: 0.9982462417785227, train_f1: 0.9990288374636161, test_acc: 0.9971751412429379, test_f1: 0.9984404205607476
train_acc: 0.99799581138193, train_f1: 0.9988903094957825, test_acc: 0.9966196914873358, test_f1: 0.9981308411214952
train_acc: 0.9983089768880562, train_f1: 0.9990634754211543, test_acc: 0.9977496349901607, test_f1: 0.9987538940809969
train_acc: 0.9979332332082554, train_f1: 0.9988556474757525, test_acc: 0.9966165174887323, test_f1: 0.9981308411214952
train_acc: 0.9983090161220207, train_f1: 0.9990634754211541, test_acc: 0.9971846632387482, test_f1: 0.9984404144571724
acc: 0.9971249920650035(0.000493093165828081)
f1: 0.9984115922902752(0.00027136461242587684)
