Extracting dataset  BZR_MD..
Parsing dataset  BZR_MD..
Parse was succesful..
Deleting unzipped dataset files..
Going back to the original directory..
train_acc: 0.646772830953789, train_f1: 0.7069785695045823, test_acc: 0.6420689655172414, test_f1: 0.70134309437715
train_acc: 0.6479034665314973, train_f1: 0.705738451225443, test_acc: 0.6489655172413793, test_f1: 0.7097467895570363
train_acc: 0.647145954774577, train_f1: 0.7069697578616961, test_acc: 0.6385057471264368, test_f1: 0.7026024159460693
train_acc: 0.6475176705809468, train_f1: 0.7100919061793235, test_acc: 0.6417241379310346, test_f1: 0.7078075845722905
train_acc: 0.6478964264594069, train_f1: 0.7027580182733595, test_acc: 0.6417241379310344, test_f1: 0.6997073566268612
train_acc: 0.6478865703584805, train_f1: 0.710504083404102, test_acc: 0.637816091954023, test_f1: 0.7061419786958416
train_acc: 0.647897834473825, train_f1: 0.7058883923132037, test_acc: 0.6485057471264367, test_f1: 0.7093749012170065
train_acc: 0.647147362788995, train_f1: 0.7072508609550485, test_acc: 0.6388505747126436, test_f1: 0.6981217617440528
train_acc: 0.6486567542451633, train_f1: 0.7094818697424404, test_acc: 0.6493103448275861, test_f1: 0.7083435066407203
train_acc: 0.6441356199487482, train_f1: 0.7032950543415548, test_acc: 0.6418390804597701, test_f1: 0.7028305161511993
acc: 0.6429310344827586(0.00441503348365144)
f1: 0.7046019905528229(0.004211143989027451)
