Extracting dataset  BZR_MD..
Parsing dataset  BZR_MD..
Parse was succesful..
Deleting unzipped dataset files..
Going back to the original directory..
train_acc: 0.6325040128410915, train_f1: 0.6425091596915108, test_acc: 0.6247126436781609, test_f1: 0.6334477557601289
train_acc: 0.63214074512123, train_f1: 0.6377902299913513, test_acc: 0.6083908045977011, test_f1: 0.6071724880791094
train_acc: 0.6298851060234858, train_f1: 0.6353181757942976, test_acc: 0.6283908045977011, test_f1: 0.626316282451678
train_acc: 0.6310129255723578, train_f1: 0.6367994721880643, test_acc: 0.6183908045977011, test_f1: 0.6133230994152046
train_acc: 0.6313663371912928, train_f1: 0.6372919262713614, test_acc: 0.6145977011494252, test_f1: 0.6133406759450403
train_acc: 0.6287460223592689, train_f1: 0.6295029182774735, test_acc: 0.6167816091954024, test_f1: 0.6161062417798661
train_acc: 0.6310072935146855, train_f1: 0.6368798349893796, test_acc: 0.6179310344827587, test_f1: 0.6157387338076994
train_acc: 0.634762467967672, train_f1: 0.6494336033690626, test_acc: 0.625632183908046, test_f1: 0.6372005772005772
train_acc: 0.6325054208555095, train_f1: 0.642489957661674, test_acc: 0.6248275862068966, test_f1: 0.6323061902037561
train_acc: 0.6313747852778013, train_f1: 0.6419998931989657, test_acc: 0.6345977011494253, test_f1: 0.6329554084701143
acc: 0.6214252873563217(0.007612902447273434)
f1: 0.6227907453113175(0.01077441491098192)
