Extracting dataset  BZR_MD..
Parsing dataset  BZR_MD..
Parse was succesful..
Deleting unzipped dataset files..
Going back to the original directory..
train_acc: 0.6456492354481711, train_f1: 0.7055826859385393, test_acc: 0.6524137931034482, test_f1: 0.7128476470581735
train_acc: 0.6482765903522852, train_f1: 0.7066916773590662, test_acc: 0.6456321839080459, test_f1: 0.7003528501630969
train_acc: 0.6463940750753289, train_f1: 0.7003677378748654, test_acc: 0.63183908045977, test_f1: 0.6935934069370603
train_acc: 0.6478936104305708, train_f1: 0.707746914128449, test_acc: 0.6317241379310345, test_f1: 0.6935218702865763
train_acc: 0.6486483061586551, train_f1: 0.700814926112876, test_acc: 0.6283908045977011, test_f1: 0.6819295788490836
train_acc: 0.6478865703584805, train_f1: 0.710504083404102, test_acc: 0.637816091954023, test_f1: 0.7061419786958416
train_acc: 0.648646898144237, train_f1: 0.7095190308448872, test_acc: 0.6485057471264367, test_f1: 0.7112796631217684
train_acc: 0.6490270620371152, train_f1: 0.7089053134278717, test_acc: 0.622183908045977, test_f1: 0.6846252092769121
train_acc: 0.6486567542451633, train_f1: 0.7035299661427113, test_acc: 0.6359770114942529, test_f1: 0.6926389171126013
train_acc: 0.6441356199487482, train_f1: 0.7063581020740487, test_acc: 0.6485057471264367, test_f1: 0.7100200586348595
acc: 0.6382988505747126(0.0100543582118831)
f1: 0.6986951180135974(0.011123728873972423)
