Extracting dataset  BZR_MD..
Parsing dataset  BZR_MD..
Parse was succesful..
Deleting unzipped dataset files..
Going back to the original directory..
train_acc: 0.6418898369519304, train_f1: 0.6748487114493197, test_acc: 0.6417241379310344, test_f1: 0.6749892185613249
train_acc: 0.6418982850384387, train_f1: 0.6748423513028212, test_acc: 0.6424137931034484, test_f1: 0.6747484822760714
train_acc: 0.6310255977021205, train_f1: 0.6473486586291286, test_acc: 0.6173563218390805, test_f1: 0.6269864612511671
train_acc: 0.6418898369519305, train_f1: 0.6748095872539508, test_acc: 0.6417241379310343, test_f1: 0.6719336383016057
train_acc: 0.6418842048942581, train_f1: 0.6748301526137146, test_acc: 0.641264367816092, test_f1: 0.6735408058629122
train_acc: 0.6264720790740896, train_f1: 0.6682767670547737, test_acc: 0.6273563218390803, test_f1: 0.6693485655292891
train_acc: 0.6418884289375123, train_f1: 0.6748603680062895, test_acc: 0.6416091954022989, test_f1: 0.6759971085208277
train_acc: 0.6287910788206471, train_f1: 0.6752151749048882, test_acc: 0.628735632183908, test_f1: 0.6720240628020514
train_acc: 0.6159542113711245, train_f1: 0.6565119871175452, test_acc: 0.6187356321839081, test_f1: 0.6603695680016635
train_acc: 0.6418842048942581, train_f1: 0.674792705046048, test_acc: 0.641264367816092, test_f1: 0.6703342486193529
acc: 0.6342183908045976(0.010192298248465754)
f1: 0.6670272159726267(0.01475296642977787)
