Extracting dataset  BZR_MD..
Parsing dataset  BZR_MD..
Parse was succesful..
Deleting unzipped dataset files..
Going back to the original directory..
train_acc: 0.6456492354481711, train_f1: 0.7027544933237371, test_acc: 0.6455172413793103, test_f1: 0.7038386380491644
train_acc: 0.6486525302019094, train_f1: 0.7095014740834744, test_acc: 0.6489655172413793, test_f1: 0.7097467895570363
train_acc: 0.647895018444989, train_f1: 0.707835602588793, test_acc: 0.63183908045977, test_f1: 0.6951518484955018
train_acc: 0.6475176705809468, train_f1: 0.7100919061793235, test_acc: 0.6417241379310346, test_f1: 0.7078075845722905
train_acc: 0.6478964264594069, train_f1: 0.7056934390169993, test_acc: 0.6486206896551724, test_f1: 0.7075504938817633
train_acc: 0.6478865703584805, train_f1: 0.7078421490651491, test_acc: 0.6309195402298851, test_f1: 0.6950308675847305
train_acc: 0.647895018444989, train_f1: 0.7058348650999712, test_acc: 0.6485057471264367, test_f1: 0.7096456761936638
train_acc: 0.6471501788178312, train_f1: 0.706709259570662, test_acc: 0.6388505747126436, test_f1: 0.7034789046011957
train_acc: 0.6486567542451633, train_f1: 0.7094818697424404, test_acc: 0.6493103448275861, test_f1: 0.7083435066407203
train_acc: 0.6478950184449889, train_f1: 0.710641592794799, test_acc: 0.6385057471264368, test_f1: 0.7034917667407139
acc: 0.6422758620689655(0.007054970623744721)
f1: 0.704408607631678(0.0054618922790990974)
