Extracting dataset  BZR_MD..
Parsing dataset  BZR_MD..
Parse was succesful..
Deleting unzipped dataset files..
Going back to the original directory..
train_acc: 0.4143899073526513, train_f1: 0.4242322627873019, test_acc: 0.5945977011494252, test_f1: 0.5806881388802477
train_acc: 0.41330292022190307, train_f1: 0.4224729162263487, test_acc: 0.5029885057471264, test_f1: 0.4930321913303004
train_acc: 0.4061375348483568, train_f1: 0.4216601442565374, test_acc: 0.5202298850574711, test_f1: 0.5281182073395644
train_acc: 0.4185505899580412, train_f1: 0.4285936443618527, test_acc: 0.5366666666666666, test_f1: 0.5390181330385315
train_acc: 0.41027005716538534, train_f1: 0.4226326896860867, test_acc: 0.5303448275862068, test_f1: 0.5331373054631905
train_acc: 0.4279462701698066, train_f1: 0.439249662057832, test_acc: 0.5233333333333333, test_f1: 0.5351524842417501
train_acc: 0.4095688659851877, train_f1: 0.4212978207304525, test_acc: 0.5377011494252874, test_f1: 0.5531392594509292
train_acc: 0.4110191208357973, train_f1: 0.4259000416852453, test_acc: 0.5911494252873564, test_f1: 0.6007759347713872
train_acc: 0.4061417588916111, train_f1: 0.4196034741366478, test_acc: 0.5131034482758621, test_f1: 0.4991903466903468
train_acc: 0.4159007068232379, train_f1: 0.43124900356396506, test_acc: 0.5403448275862068, test_f1: 0.5435584788853126
acc: 0.5390459770114943(0.030658909506194803)
f1: 0.5405810480091561(0.03268588641270127)
