Extracting dataset  ER_MD..
Parsing dataset  ER_MD..
Parse was succesful..
Deleting unzipped dataset files..
Going back to the original directory..
train_acc: 0.5083612144224335, train_f1: 0.3706493471949351, test_acc: 0.5555128205128204, test_f1: 0.4251160926498258
train_acc: 0.5117155039604114, train_f1: 0.37697796997374955, test_acc: 0.5505128205128205, test_f1: 0.43696036943792366
train_acc: 0.5265090801574827, train_f1: 0.39020959324533144, test_acc: 0.5527564102564103, test_f1: 0.41903416448903263
train_acc: 0.5145352546645711, train_f1: 0.3756797181665393, test_acc: 0.5480128205128205, test_f1: 0.4252873140818812
train_acc: 0.5276310670546677, train_f1: 0.38310612580254677, test_acc: 0.5653846153846154, test_f1: 0.41622194614185715
train_acc: 0.5200915018440423, train_f1: 0.3806348510194695, test_acc: 0.5823076923076924, test_f1: 0.43209118130010626
train_acc: 0.5162112323182024, train_f1: 0.38402978896362183, test_acc: 0.5353846153846153, test_f1: 0.3818322477735715
train_acc: 0.5240036725229922, train_f1: 0.3935202759522879, test_acc: 0.5476923076923076, test_f1: 0.4255907954579682
train_acc: 0.5114299497362319, train_f1: 0.3738688858161904, test_acc: 0.5649358974358974, test_f1: 0.41185094772191544
train_acc: 0.5106300866777672, train_f1: 0.3683030903898109, test_acc: 0.5376923076923077, test_f1: 0.37871521111225365
acc: 0.5540192307692309(0.01396275721385562)
f1: 0.41527002701663357(0.01982797161774827)
