Extracting dataset  ER_MD..
Parsing dataset  ER_MD..
Parse was succesful..
Deleting unzipped dataset files..
Going back to the original directory..
train_acc: 0.6775571497486812, train_f1: 0.6451523148429914, test_acc: 0.675897435897436, test_f1: 0.634402343978724
train_acc: 0.6764413874667372, train_f1: 0.6384839884757335, test_acc: 0.6710256410256411, test_f1: 0.6365454278147779
train_acc: 0.6775517032103453, train_f1: 0.6489817648195917, test_acc: 0.6505769230769232, test_f1: 0.6254819629450568
train_acc: 0.675317066338837, train_f1: 0.6318221663986158, test_acc: 0.6455769230769229, test_f1: 0.6004371136289642
train_acc: 0.6778341451269044, train_f1: 0.6500428014339518, test_acc: 0.6734615384615384, test_f1: 0.6449212389847064
train_acc: 0.6789467951012279, train_f1: 0.6591514026264089, test_acc: 0.6682051282051283, test_f1: 0.6559363644193364
train_acc: 0.6803426650690155, train_f1: 0.6539476213355263, test_acc: 0.6355128205128204, test_f1: 0.6064948581556413
train_acc: 0.674766187890011, train_f1: 0.6352502403143163, test_acc: 0.6535897435897436, test_f1: 0.6093323193323193
train_acc: 0.6792269027870715, train_f1: 0.6513603668710165, test_acc: 0.6606410256410257, test_f1: 0.6319236070840691
train_acc: 0.6739227525248597, train_f1: 0.6365945379630091, test_acc: 0.6707692307692308, test_f1: 0.6292475222542719
acc: 0.660525641025641(0.013638130811231225)
f1: 0.6274722758597867(0.017549789015254738)
