Extracting dataset  ER_MD..
Parsing dataset  ER_MD..
Parse was succesful..
Deleting unzipped dataset files..
Going back to the original directory..
train_acc: 0.6783951385754967, train_f1: 0.6466203937844293, test_acc: 0.678397435897436, test_f1: 0.6395186230484914
train_acc: 0.6742067505952288, train_f1: 0.6369464975754665, test_acc: 0.668525641025641, test_f1: 0.6345286210920886
train_acc: 0.6781088062744122, train_f1: 0.64817286537309, test_acc: 0.6505769230769232, test_f1: 0.619022632801516
train_acc: 0.6739204182941443, train_f1: 0.6268541627933882, test_acc: 0.6530769230769231, test_f1: 0.6043586822564152
train_acc: 0.6778341451269044, train_f1: 0.6500428014339518, test_acc: 0.6734615384615384, test_f1: 0.6449212389847064
train_acc: 0.6789467951012279, train_f1: 0.6591514026264089, test_acc: 0.6682051282051283, test_f1: 0.6559363644193364
train_acc: 0.6783928043447814, train_f1: 0.6484646347204641, test_acc: 0.6483333333333333, test_f1: 0.6152667879802027
train_acc: 0.6756041767168267, train_f1: 0.6373809161782391, test_acc: 0.6560897435897436, test_f1: 0.6142179742179742
train_acc: 0.6792269027870715, train_f1: 0.6513603668710165, test_acc: 0.6606410256410257, test_f1: 0.6319236070840691
train_acc: 0.6764367190053064, train_f1: 0.6383783381450296, test_acc: 0.6707692307692308, test_f1: 0.6292475222542719
acc: 0.6628076923076923(0.010463533620708149)
f1: 0.6288942054139072(0.015785398585804106)
