Extracting dataset  ER_MD..
Parsing dataset  ER_MD..
Parse was succesful..
Deleting unzipped dataset files..
Going back to the original directory..
train_acc: 0.6647103219682233, train_f1: 0.5406671937913383, test_acc: 0.6605128205128205, test_f1: 0.5447102396514161
train_acc: 0.6630397908529277, train_f1: 0.5518873210695011, test_acc: 0.6609615384615385, test_f1: 0.5530969705300335
train_acc: 0.6633152300773408, train_f1: 0.552454556768114, test_acc: 0.6579487179487179, test_f1: 0.5467252747252747
train_acc: 0.6649904296540669, train_f1: 0.5423698284147994, test_acc: 0.658076923076923, test_f1: 0.5196652974377244
train_acc: 0.6384580071894306, train_f1: 0.5395446277239355, test_acc: 0.6335897435897436, test_f1: 0.5368024132730014
train_acc: 0.6666664073076982, train_f1: 0.5586970728330555, test_acc: 0.6530769230769231, test_f1: 0.5317501722536302
train_acc: 0.6647111000451283, train_f1: 0.5423475332879393, test_acc: 0.6607692307692309, test_f1: 0.5205293126297544
train_acc: 0.663874667372123, train_f1: 0.5528603388403417, test_acc: 0.6532051282051282, test_f1: 0.5404973808981566
train_acc: 0.6602433824559218, train_f1: 0.48835783275611433, test_acc: 0.661025641025641, test_f1: 0.4878815234944268
train_acc: 0.6635976719938999, train_f1: 0.5566956527177874, test_acc: 0.6585897435897436, test_f1: 0.5490391969913662
acc: 0.655775641025641(0.008339163531423744)
f1: 0.5330697781884784(0.019515944046274714)
