Extracting dataset  IMDB-BINARY..
Parsing dataset  IMDB-BINARY..
Parse was succesful..
Deleting unzipped dataset files..
Going back to the original directory..
train_acc: 0.7728682170542636, train_f1: 0.7598917000242069, test_acc: 0.6848837209302326, test_f1: 0.673324835385906
train_acc: 0.7979328165374677, train_f1: 0.7930731877878773, test_acc: 0.7127906976744186, test_f1: 0.7151325082976694
train_acc: 0.7714470284237727, train_f1: 0.7560575930500664, test_acc: 0.7034883720930232, test_f1: 0.6904933155423463
train_acc: 0.7948320413436692, train_f1: 0.7899477183472527, test_acc: 0.6930232558139535, test_f1: 0.6931172857313974
train_acc: 0.7927648578811369, train_f1: 0.7858951178090262, test_acc: 0.7023255813953488, test_f1: 0.7004360555975233
train_acc: 0.7739018087855297, train_f1: 0.7640984371258759, test_acc: 0.7116279069767442, test_f1: 0.6973958882190006
train_acc: 0.7937984496124031, train_f1: 0.7896981380878466, test_acc: 0.7116279069767442, test_f1: 0.7106729505323975
train_acc: 0.7722222222222223, train_f1: 0.7591658940040881, test_acc: 0.6860465116279071, test_f1: 0.6699654729191169
train_acc: 0.7647286821705426, train_f1: 0.7502855878195558, test_acc: 0.6953488372093023, test_f1: 0.6842230421345862
train_acc: 0.7692506459948321, train_f1: 0.7538744556596607, test_acc: 0.6837209302325583, test_f1: 0.6712155709989638
acc: 0.6984883720930233(0.011485562848946175)
f1: 0.6905976925358908(0.0159676205290802)
