Extracting dataset  IMDB-BINARY..
Parsing dataset  IMDB-BINARY..
Parse was succesful..
Deleting unzipped dataset files..
Going back to the original directory..
train_acc: 0.7608527131782946, train_f1: 0.7514902073672379, test_acc: 0.6941860465116279, test_f1: 0.6811627377603082
train_acc: 0.7714470284237726, train_f1: 0.7670638579622919, test_acc: 0.6988372093023256, test_f1: 0.6990030474961026
train_acc: 0.7640826873385014, train_f1: 0.751857191201855, test_acc: 0.7011627906976744, test_f1: 0.6888990643744404
train_acc: 0.7585271317829457, train_f1: 0.745245162301966, test_acc: 0.6918604651162792, test_f1: 0.676019530102433
train_acc: 0.7556847545219638, train_f1: 0.7428951917719167, test_acc: 0.6941860465116279, test_f1: 0.6793385379961132
train_acc: 0.7682170542635659, train_f1: 0.7651652823973404, test_acc: 0.7069767441860465, test_f1: 0.6978805775420877
train_acc: 0.758139534883721, train_f1: 0.7468104514504331, test_acc: 0.7, test_f1: 0.6863606055125702
train_acc: 0.7505167958656329, train_f1: 0.7370883293384173, test_acc: 0.6906976744186046, test_f1: 0.670045258176281
train_acc: 0.7450904392764859, train_f1: 0.7302813768721464, test_acc: 0.7081395348837208, test_f1: 0.6867457723121364
train_acc: 0.751937984496124, train_f1: 0.7392915427443765, test_acc: 0.6953488372093023, test_f1: 0.6819885949622171
acc: 0.6981395348837208(0.006009627114205963)
f1: 0.684744372623469(0.009077329949914947)
