Extracting dataset  IMDB-BINARY..
Parsing dataset  IMDB-BINARY..
Parse was succesful..
Deleting unzipped dataset files..
Going back to the original directory..
train_acc: 0.5188630490956072, train_f1: 0.21755570294287754, test_acc: 0.5255813953488373, test_f1: 0.2212769374979618
train_acc: 0.5210594315245478, train_f1: 0.22520523938193251, test_acc: 0.5313953488372094, test_f1: 0.24753649063623967
train_acc: 0.5184754521963824, train_f1: 0.22084669789077718, test_acc: 0.5348837209302326, test_f1: 0.2416280176849198
train_acc: 0.5200258397932818, train_f1: 0.22149497775000096, test_acc: 0.5325581395348837, test_f1: 0.24416531797060217
train_acc: 0.5165374677002584, train_f1: 0.21726573920977432, test_acc: 0.5453488372093024, test_f1: 0.27151740792828805
train_acc: 0.5187338501291989, train_f1: 0.22171806448121928, test_acc: 0.5406976744186047, test_f1: 0.261377906764403
train_acc: 0.5201550387596898, train_f1: 0.2162932076222142, test_acc: 0.5337209302325581, test_f1: 0.23792101268238897
train_acc: 0.5187338501291989, train_f1: 0.2204926063890671, test_acc: 0.55, test_f1: 0.2817405190292125
train_acc: 0.5213178294573644, train_f1: 0.21769028941946827, test_acc: 0.5325581395348837, test_f1: 0.24166066250777812
train_acc: 0.517829457364341, train_f1: 0.21887641925194318, test_acc: 0.5372093023255815, test_f1: 0.2572478029973361
acc: 0.5363953488372093(0.007189896362183281)
f1: 0.250607207569913(0.01763652484373112)
