Extracting dataset  IMDB-MULTI..
Parsing dataset  IMDB-MULTI..
Parse was succesful..
Deleting unzipped dataset files..
Going back to the original directory..
train_acc: 0.5670942684624943, train_f1: 0.5577725307754189, test_acc: 0.4672998986828774, test_f1: 0.4526482610665116
train_acc: 0.5531845968441889, train_f1: 0.5426273548265342, test_acc: 0.46227963525835863, test_f1: 0.44465778774951586
train_acc: 0.5477323617381314, train_f1: 0.5362044274505664, test_acc: 0.46868794326241137, test_f1: 0.4524133588935487
train_acc: 0.5352446159513954, train_f1: 0.5238550043668304, test_acc: 0.46085106382978724, test_f1: 0.4431453557650563
train_acc: 0.5539713017252683, train_f1: 0.542897091414726, test_acc: 0.46441742654508616, test_f1: 0.44540027750262123
train_acc: 0.5593461089360534, train_f1: 0.5482286152969154, test_acc: 0.4652127659574468, test_f1: 0.44731360177354346
train_acc: 0.5499401182648659, train_f1: 0.5398373864447417, test_acc: 0.46373860182370824, test_f1: 0.4482062517814902
train_acc: 0.5590337747972202, train_f1: 0.5482878608910976, test_acc: 0.4652178318135765, test_f1: 0.44515410909166586
train_acc: 0.5505747772386964, train_f1: 0.5387373185383242, test_acc: 0.46301418439716313, test_f1: 0.44216953927292113
train_acc: 0.5557898581945564, train_f1: 0.5449431609045191, test_acc: 0.46371833839918947, test_f1: 0.4459674245304203
acc: 0.4644437689969605(0.0023098807845992548)
f1: 0.4467075967427294(0.003537355085756554)
