Extracting dataset  IMDB-MULTI..
Parsing dataset  IMDB-MULTI..
Parse was succesful..
Deleting unzipped dataset files..
Going back to the original directory..
train_acc: 0.5700175461601383, train_f1: 0.560967257924452, test_acc: 0.4687234042553191, test_f1: 0.4549881233443795
train_acc: 0.5607714690694292, train_f1: 0.5497963270399169, test_acc: 0.4643920972644377, test_f1: 0.4447950532254338
train_acc: 0.5610065001966917, train_f1: 0.5501947296956665, test_acc: 0.4701114488348531, test_f1: 0.45346039928393866
train_acc: 0.5568155904813643, train_f1: 0.5453971397382895, test_acc: 0.46654508611955425, test_f1: 0.4475593633410392
train_acc: 0.5644065214269213, train_f1: 0.5543727870358582, test_acc: 0.46869807497467075, test_f1: 0.44964760723444436
train_acc: 0.5591919400058696, train_f1: 0.5475416426173371, test_acc: 0.4716312056737588, test_f1: 0.4554171301990538
train_acc: 0.5481214369118759, train_f1: 0.5383002061814945, test_acc: 0.4573404255319149, test_f1: 0.4393619174502431
train_acc: 0.5637725493134519, train_f1: 0.5540120426462739, test_acc: 0.4651823708206687, test_f1: 0.44753610838265273
train_acc: 0.5515229567465298, train_f1: 0.539801727777786, test_acc: 0.4608814589665654, test_f1: 0.44182054984960917
train_acc: 0.5583996778000486, train_f1: 0.547888636503647, test_acc: 0.47223910840932115, test_f1: 0.4568046278848096
acc: 0.46657446808510644(0.00475717056362458)
f1: 0.44913908801956043(0.006003773160412099)
