Extracting dataset  IMDB-MULTI..
Parsing dataset  IMDB-MULTI..
Parse was succesful..
Deleting unzipped dataset files..
Going back to the original directory..
train_acc: 0.19140225664849608, train_f1: 0.17418301351636087, test_acc: 0.1898986828774063, test_f1: 0.17154646850389546
train_acc: 0.191402069322943, train_f1: 0.17460086347639506, test_acc: 0.18497467071935156, test_f1: 0.1688867460768955
train_acc: 0.19021604880455079, train_f1: 0.1732088091716906, test_acc: 0.1920415400202634, test_f1: 0.17488982179626703
train_acc: 0.19148162024115042, train_f1: 0.17475420006571468, test_acc: 0.18560283687943263, test_f1: 0.16870330328265887
train_acc: 0.19021586147899766, train_f1: 0.1731873266477731, test_acc: 0.1927659574468085, test_f1: 0.17478551535104048
train_acc: 0.19179589007736544, train_f1: 0.17469425182053389, test_acc: 0.19555724417426545, test_f1: 0.17728240656129815
train_acc: 0.19306114930471, train_f1: 0.17603040216131988, test_acc: 0.19060283687943264, test_f1: 0.1727804184118714
train_acc: 0.19282524399153286, train_f1: 0.1756269761047135, test_acc: 0.18637284701114487, test_f1: 0.16914758290271667
train_acc: 0.19124271771912407, train_f1: 0.1742839042665701, test_acc: 0.18918946301925027, test_f1: 0.16907953787856161
train_acc: 0.19195455482082308, train_f1: 0.1746279714065298, test_acc: 0.18846504559270516, test_f1: 0.1701532051324742
acc: 0.18954711246200606(0.0033629062700149107)
f1: 0.17172550058976793(0.003067967516405622)
