Extracting dataset  IMDB-BINARY..
Parsing dataset  IMDB-BINARY..
Parse was succesful..
Deleting unzipped dataset files..
Going back to the original directory..
train_acc: 0.4142118863049095, train_f1: 0.4142116468081662, test_acc: 0.41511627906976745, test_f1: 0.4099935777436972
train_acc: 0.41666666666666663, train_f1: 0.41659223473116425, test_acc: 0.4162790697674419, test_f1: 0.4119048803788955
train_acc: 0.41718346253229976, train_f1: 0.41725821380116157, test_acc: 0.4232558139534883, test_f1: 0.4182469404352682
train_acc: 0.41472868217054265, train_f1: 0.41457220024312813, test_acc: 0.42093023255813955, test_f1: 0.4165659253835087
train_acc: 0.41356589147286826, train_f1: 0.413183332788558, test_acc: 0.42093023255813955, test_f1: 0.41625852214818326
train_acc: 0.4142118863049096, train_f1: 0.4145144534383947, test_acc: 0.43023255813953487, test_f1: 0.4355040498041765
train_acc: 0.41356589147286815, train_f1: 0.41349640964239276, test_acc: 0.41511627906976745, test_f1: 0.41054389001214614
train_acc: 0.4142118863049095, train_f1: 0.41391592853046844, test_acc: 0.41511627906976745, test_f1: 0.4166318681552116
train_acc: 0.4142118863049095, train_f1: 0.4136030499524418, test_acc: 0.41860465116279066, test_f1: 0.416886890536487
train_acc: 0.4134366925064599, train_f1: 0.41313112871697777, test_acc: 0.42906976744186043, test_f1: 0.42622121074039077
acc: 0.42046511627906974(0.005622159492858512)
f1: 0.41787577553379646(0.007738315185654866)
