Extracting dataset  IMDB-MULTI..
Parsing dataset  IMDB-MULTI..
Parse was succesful..
Deleting unzipped dataset files..
Going back to the original directory..
train_acc: 0.4284020505903877, train_f1: 0.39325071111461185, test_acc: 0.43667679837892603, test_f1: 0.39865021263971767
train_acc: 0.4287974323910858, train_f1: 0.3922138311806186, test_acc: 0.4302178318135764, test_f1: 0.39388327775329207
train_acc: 0.4276890895353702, train_f1: 0.39599038115029833, test_acc: 0.42106889564336375, test_f1: 0.38876047269638025
train_acc: 0.43954810832412317, train_f1: 0.40305227054128157, test_acc: 0.42738095238095236, test_f1: 0.3873109888891685
train_acc: 0.42413521158421225, train_f1: 0.3768328646201133, test_acc: 0.43236575481256334, test_f1: 0.38302693589647585
train_acc: 0.43211777781940575, train_f1: 0.39782071959426996, test_acc: 0.4288753799392097, test_f1: 0.39398731768490153
train_acc: 0.4188420158727186, train_f1: 0.37309015152533553, test_acc: 0.4033434650455927, test_f1: 0.3543566604167988
train_acc: 0.4333021748496712, train_f1: 0.39958502836285004, test_acc: 0.428257345491388, test_f1: 0.395104315324979
train_acc: 0.4279221849652511, train_f1: 0.391912195094476, test_acc: 0.4146555217831813, test_f1: 0.379109675942889
train_acc: 0.43543250348113316, train_f1: 0.40017598174419505, test_acc: 0.430273556231003, test_f1: 0.3965261336823766
acc: 0.42531155015197564(0.009817402996502196)
f1: 0.3870715990926979(0.01306025144634071)
