Extracting dataset  IMDB-BINARY..
Parsing dataset  IMDB-BINARY..
Parse was succesful..
Deleting unzipped dataset files..
Going back to the original directory..
train_acc: 0.7768733850129199, train_f1: 0.763738907045537, test_acc: 0.6883720930232559, test_f1: 0.6690339023972083
train_acc: 0.781782945736434, train_f1: 0.7683822876118415, test_acc: 0.6872093023255814, test_f1: 0.675078685191688
train_acc: 0.770671834625323, train_f1: 0.7548709407372695, test_acc: 0.694186046511628, test_f1: 0.6793048567631612
train_acc: 0.785142118863049, train_f1: 0.7742844493418637, test_acc: 0.694186046511628, test_f1: 0.6799376047128797
train_acc: 0.7860465116279068, train_f1: 0.7733096475305052, test_acc: 0.7011627906976745, test_f1: 0.6848505036340494
train_acc: 0.7714470284237727, train_f1: 0.7555152684801747, test_acc: 0.722093023255814, test_f1: 0.7037642591553067
train_acc: 0.7768733850129199, train_f1: 0.7645241339271467, test_acc: 0.7069767441860465, test_f1: 0.6908907571708233
train_acc: 0.7828165374677003, train_f1: 0.7718382120573248, test_acc: 0.6918604651162791, test_f1: 0.6760210700556144
train_acc: 0.7319121447028423, train_f1: 0.6995973148438422, test_acc: 0.6988372093023256, test_f1: 0.6585469008843078
train_acc: 0.7649870801033591, train_f1: 0.7458086123218565, test_acc: 0.7, test_f1: 0.6737413157783573
acc: 0.6984883720930233(0.01027022079851673)
f1: 0.6791169855743396(0.012289467362219052)
