Extracting dataset  IMDB-MULTI..
Parsing dataset  IMDB-MULTI..
Parse was succesful..
Deleting unzipped dataset files..
Going back to the original directory..
train_acc: 0.5775254918856815, train_f1: 0.568760696440344, test_acc: 0.4687436676798379, test_f1: 0.4553798097152553
train_acc: 0.5755504561377218, train_f1: 0.5656641571506337, test_acc: 0.4736220871327254, test_f1: 0.45523857624889913
train_acc: 0.5738092026800042, train_f1: 0.5640276535699833, test_acc: 0.47438703140830796, test_f1: 0.45457428010633016
train_acc: 0.5719119070365722, train_f1: 0.5611870050498273, test_acc: 0.4708308004052685, test_f1: 0.4520646653456789
train_acc: 0.577762396268475, train_f1: 0.5689656107097021, test_acc: 0.47225430597771023, test_f1: 0.45527880270971927
train_acc: 0.5657477099451136, train_f1: 0.5542974305863431, test_acc: 0.4659473150962513, test_f1: 0.447541037548499
train_acc: 0.5663001330011426, train_f1: 0.5566951131879339, test_acc: 0.46869807497467075, test_f1: 0.4506192652441035
train_acc: 0.5773669520259258, train_f1: 0.5681441004942684, test_acc: 0.4652178318135765, test_f1: 0.44688750474183064
train_acc: 0.5720726323611137, train_f1: 0.5623754421962954, test_acc: 0.48362715298885517, test_f1: 0.4690308885462227
train_acc: 0.5677234325534346, train_f1: 0.5573931169201339, test_acc: 0.469387031408308, test_f1: 0.45354178461986905
acc: 0.47127152988855114(0.005276905639913114)
f1: 0.4540156614826407(0.006137488370209019)
