Extracting dataset  IMDB-BINARY..
Parsing dataset  IMDB-BINARY..
Parse was succesful..
Deleting unzipped dataset files..
Going back to the original directory..
train_acc: 0.581266149870801, train_f1: 0.6734637588440924, test_acc: 0.586046511627907, test_f1: 0.6813104625682068
train_acc: 0.577390180878553, train_f1: 0.6670906529670796, test_acc: 0.5732558139534883, test_f1: 0.6644430928123372
train_acc: 0.5675710594315245, train_f1: 0.6736689760577247, test_acc: 0.5709302325581395, test_f1: 0.6750232001388714
train_acc: 0.5665374677002585, train_f1: 0.6479489322496637, test_acc: 0.5662790697674419, test_f1: 0.645250404629176
train_acc: 0.5815245478036176, train_f1: 0.6756118298773862, test_acc: 0.5883720930232558, test_f1: 0.6809377604877656
train_acc: 0.5661498708010335, train_f1: 0.674914006882645, test_acc: 0.5616279069767443, test_f1: 0.671596296320635
train_acc: 0.5602067183462534, train_f1: 0.6729543042504225, test_acc: 0.5569767441860465, test_f1: 0.6694585290603711
train_acc: 0.5839793281653747, train_f1: 0.680645734160838, test_acc: 0.5662790697674418, test_f1: 0.6683169364510577
train_acc: 0.548578811369509, train_f1: 0.6525494214208244, test_acc: 0.5569767441860465, test_f1: 0.6553237680280622
train_acc: 0.572093023255814, train_f1: 0.6710983204052303, test_acc: 0.5744186046511628, test_f1: 0.6754899215913392
acc: 0.5701162790697675(0.010867238341848166)
f1: 0.6687150372087822(0.011308350808132177)
