Extracting dataset  IMDB-MULTI..
Parsing dataset  IMDB-MULTI..
Parse was succesful..
Deleting unzipped dataset files..
Going back to the original directory..
train_acc: 0.5801344373052595, train_f1: 0.5718271444887754, test_acc: 0.47657041540020256, test_f1: 0.46235031592633896
train_acc: 0.5798180444461096, train_f1: 0.5706721681086672, test_acc: 0.47433130699088144, test_f1: 0.4567949687216971
train_acc: 0.583689564093438, train_f1: 0.5756049954998244, test_acc: 0.470177304964539, test_f1: 0.45376157803340644
train_acc: 0.5712036291203816, train_f1: 0.5607825253436105, test_acc: 0.4778976697061803, test_f1: 0.4609506161780053
train_acc: 0.5836111995704, train_f1: 0.575770121247219, test_acc: 0.47296352583586626, test_f1: 0.45744234112045595
train_acc: 0.5745222261768728, train_f1: 0.5645577302519154, test_acc: 0.4702077001013172, test_f1: 0.4528421379759863
train_acc: 0.5781568414414077, train_f1: 0.5689011477198858, test_acc: 0.48075481256332325, test_f1: 0.46443576032750755
train_acc: 0.5803701552928835, train_f1: 0.57119429988761, test_acc: 0.4701925025329281, test_f1: 0.45425142275702524
train_acc: 0.5799750232595895, train_f1: 0.5709834510304258, test_acc: 0.4815045592705167, test_f1: 0.46806857385217493
train_acc: 0.5774454414326659, train_f1: 0.5680658078133729, test_acc: 0.4821783181357649, test_f1: 0.4664855580454984
acc: 0.47567781155015193(0.00479762388482882)
f1: 0.4597383272938097(0.005503495142160014)
