Extracting dataset  IMDB-MULTI..
Parsing dataset  IMDB-MULTI..
Parse was succesful..
Deleting unzipped dataset files..
Going back to the original directory..
train_acc: 0.34447589432341136, train_f1: 0.19228133962307054, test_acc: 0.3549290780141844, test_f1: 0.21056921872140366
train_acc: 0.34502944133275887, train_f1: 0.19244578242937024, test_acc: 0.3513576494427558, test_f1: 0.2023155923534496
train_acc: 0.34408038763901116, train_f1: 0.19171848342364978, test_acc: 0.3555977710233029, test_f1: 0.21156624850840283
train_acc: 0.34423849040580967, train_f1: 0.19194779257266203, test_acc: 0.35348530901722397, test_f1: 0.20819353238370128
train_acc: 0.34344847610662577, train_f1: 0.19117469397958578, test_acc: 0.3563323201621074, test_f1: 0.21332236792754658
train_acc: 0.34471292358990696, train_f1: 0.19231229011277418, test_acc: 0.35702634245187437, test_f1: 0.21439031232825467
train_acc: 0.3432908104327845, train_f1: 0.1897405928727797, test_acc: 0.3570668693009119, test_f1: 0.21343889935772556
train_acc: 0.3442393021498729, train_f1: 0.19173351887097634, test_acc: 0.3527963525835866, test_f1: 0.20838172399330385
train_acc: 0.3449502026238066, train_f1: 0.192889209027777, test_acc: 0.3534853090172239, test_f1: 0.20828925834432271
train_acc: 0.34400196067412225, train_f1: 0.19078682024330568, test_acc: 0.35704154002026345, test_f1: 0.21337987951061255
acc: 0.35491185410334347(0.0020362546038620068)
f1: 0.21038470334287235(0.0036926152036576743)
