Extracting dataset  IMDB-BINARY..
Parsing dataset  IMDB-BINARY..
Parse was succesful..
Deleting unzipped dataset files..
Going back to the original directory..
train_acc: 0.7695090439276486, train_f1: 0.7618441550850859, test_acc: 0.6895348837209302, test_f1: 0.6787003601756928
train_acc: 0.7593023255813953, train_f1: 0.7505354481207018, test_acc: 0.6953488372093023, test_f1: 0.6873236596105459
train_acc: 0.7689922480620155, train_f1: 0.7661712280207745, test_acc: 0.7151162790697674, test_f1: 0.716767609796155
train_acc: 0.7677002583979329, train_f1: 0.7610473229343316, test_acc: 0.6988372093023256, test_f1: 0.695460977494446
train_acc: 0.7598191214470285, train_f1: 0.7506297714756174, test_acc: 0.7069767441860465, test_f1: 0.6965837343957528
train_acc: 0.7698966408268735, train_f1: 0.7658186336691057, test_acc: 0.7174418604651163, test_f1: 0.7150398403464882
train_acc: 0.7656330749354006, train_f1: 0.7596445845154186, test_acc: 0.694186046511628, test_f1: 0.6892258975774026
train_acc: 0.7516795865633075, train_f1: 0.7368194154779311, test_acc: 0.6988372093023256, test_f1: 0.678756876889741
train_acc: 0.7528423772609819, train_f1: 0.7394542607975929, test_acc: 0.6988372093023256, test_f1: 0.6772009750405606
train_acc: 0.7633074935400517, train_f1: 0.7538550071582133, test_acc: 0.7011627906976745, test_f1: 0.6914559468977236
acc: 0.7016279069767443(0.00897686468168314)
f1: 0.6926515878224507(0.01404019517084013)
