Extracting dataset  MUTAG..
Parsing dataset  MUTAG..
Parse was succesful..
Deleting unzipped dataset files..
Going back to the original directory..
train_acc: 0.8942011834319528, train_f1: 0.9197512068103508, test_acc: 0.8730994152046783, test_f1: 0.9036972624798713
train_acc: 0.9054577097111034, train_f1: 0.9280829965634505, test_acc: 0.8573099415204679, test_f1: 0.8939450549450549
train_acc: 0.8989418726070311, train_f1: 0.9227528668550168, test_acc: 0.8730994152046783, test_f1: 0.9011966149792237
train_acc: 0.9024886877828054, train_f1: 0.9258417289957925, test_acc: 0.8464912280701755, test_f1: 0.8853430662291233
train_acc: 0.8930212321615038, train_f1: 0.9190933620501784, test_acc: 0.8774853801169591, test_f1: 0.9067951307951307
train_acc: 0.9095579533588584, train_f1: 0.9307291755736182, test_acc: 0.8663742690058479, test_f1: 0.8970450128471118
train_acc: 0.9060355029585798, train_f1: 0.9281772756430291, test_acc: 0.867251461988304, test_f1: 0.8971984392419176
train_acc: 0.9019039331709016, train_f1: 0.9248772689829956, test_acc: 0.8777777777777779, test_f1: 0.9054849498327758
train_acc: 0.8989035851026801, train_f1: 0.9231037773256157, test_acc: 0.8719298245614034, test_f1: 0.9035897435897435
train_acc: 0.9019039331709016, train_f1: 0.9256203330297638, test_acc: 0.8681286549707602, test_f1: 0.9004768983029854
acc: 0.8678947368421053(0.009620826053702174)
f1: 0.8994772173242938(0.0064101442794744345)
