Extracting dataset  MUTAG..
Parsing dataset  MUTAG..
Parse was succesful..
Deleting unzipped dataset files..
Going back to the original directory..
train_acc: 0.8953985381134704, train_f1: 0.9198183680871214, test_acc: 0.8728070175438596, test_f1: 0.8985116155985722
train_acc: 0.8959937347720153, train_f1: 0.9203759777392854, test_acc: 0.862280701754386, test_f1: 0.8948539576365665
train_acc: 0.8930351548903586, train_f1: 0.9184715388338989, test_acc: 0.8678362573099415, test_f1: 0.8983452473452473
train_acc: 0.894222067525235, train_f1: 0.9191608190565048, test_acc: 0.8570175438596491, test_f1: 0.8893470941297028
train_acc: 0.8953846153846154, train_f1: 0.9198178103286454, test_acc: 0.8774853801169591, test_f1: 0.9041298266950442
train_acc: 0.8894709363035155, train_f1: 0.9157590470183221, test_acc: 0.8769005847953217, test_f1: 0.9028956228956229
train_acc: 0.897761921336582, train_f1: 0.9215617714805878, test_acc: 0.8356725146198831, test_f1: 0.8733935340022295
train_acc: 0.8965854507483467, train_f1: 0.9206653482199348, test_acc: 0.8719298245614036, test_f1: 0.9021870432305216
train_acc: 0.8959902540898016, train_f1: 0.9203960969149936, test_acc: 0.8725146198830409, test_f1: 0.8997120254946342
train_acc: 0.8924399582318134, train_f1: 0.9178607691341278, test_acc: 0.8780701754385966, test_f1: 0.9049980293458555
acc: 0.867251461988304(0.013005762641069098)
f1: 0.8968373996373998(0.00947563986436628)
