Extracting dataset  MUTAG..
Parsing dataset  MUTAG..
Parse was succesful..
Deleting unzipped dataset files..
Going back to the original directory..
train_acc: 0.8841733379742429, train_f1: 0.9112572092889936, test_acc: 0.8891812865497076, test_f1: 0.913067148632366
train_acc: 0.884758092586147, train_f1: 0.9115613509828817, test_acc: 0.8780701754385966, test_f1: 0.9051950947603122
train_acc: 0.8877097111033763, train_f1: 0.9138952595066085, test_acc: 0.8783625730994153, test_f1: 0.905149184149184
train_acc: 0.8889001044204665, train_f1: 0.9147256831822936, test_acc: 0.8728070175438598, test_f1: 0.9011476639302727
train_acc: 0.8847511312217196, train_f1: 0.9111610591984516, test_acc: 0.8880116959064328, test_f1: 0.9127853450896929
train_acc: 0.8853358858336234, train_f1: 0.9122834605109033, test_acc: 0.8874269005847955, test_f1: 0.9120194700629483
train_acc: 0.8859415245388096, train_f1: 0.9124012867384167, test_acc: 0.8833333333333334, test_f1: 0.909180602006689
train_acc: 0.8841628959276019, train_f1: 0.9111665181657624, test_acc: 0.8883040935672515, test_f1: 0.9139420289855071
train_acc: 0.8859380438565958, train_f1: 0.9125538587762285, test_acc: 0.8722222222222221, test_f1: 0.9000308660743445
train_acc: 0.8853428471980509, train_f1: 0.9125072512728802, test_acc: 0.8728070175438596, test_f1: 0.9015276961363918
acc: 0.8810526315789474(0.007015919240143717)
f1: 0.9074045099827707(0.005438893630272538)
