Extracting dataset  MUTAG..
Parsing dataset  MUTAG..
Parse was succesful..
Deleting unzipped dataset files..
Going back to the original directory..
train_acc: 0.7039088061260007, train_f1: 0.7776365948169971, test_acc: 0.7011695906432748, test_f1: 0.7655092685092685
train_acc: 0.7021371388792204, train_f1: 0.7764124767251254, test_acc: 0.7187134502923976, test_f1: 0.7841005291005291
train_acc: 0.7009502262443439, train_f1: 0.7753022894268162, test_acc: 0.6909356725146198, test_f1: 0.758043956043956
train_acc: 0.7039018447615734, train_f1: 0.7778119166869651, test_acc: 0.7125730994152046, test_f1: 0.7814765443895879
train_acc: 0.7009397841977029, train_f1: 0.7752795080349397, test_acc: 0.6862573099415206, test_f1: 0.7597415917415917
train_acc: 0.7009363035154891, train_f1: 0.7756970432298828, test_acc: 0.6751461988304094, test_f1: 0.7432322211282205
train_acc: 0.7021266968325792, train_f1: 0.7761913422107372, test_acc: 0.7078947368421054, test_f1: 0.7772728849250587
train_acc: 0.6991750783153499, train_f1: 0.7742705734731095, test_acc: 0.6973684210526315, test_f1: 0.7684044241615455
train_acc: 0.7009537069265577, train_f1: 0.7755029443803674, test_acc: 0.7076023391812865, test_f1: 0.7754392338740164
train_acc: 0.7033170901496694, train_f1: 0.7774618666026886, test_acc: 0.6967836257309943, test_f1: 0.77172764433634
acc: 0.6994444444444444(0.013049841508963374)
f1: 0.7684948298210115(0.012386165844592695)
