Extracting dataset  MUTAG..
Parsing dataset  MUTAG..
Parse was succesful..
Deleting unzipped dataset files..
Going back to the original directory..
train_acc: 0.8965680473372781, train_f1: 0.9214798907836486, test_acc: 0.8730994152046783, test_f1: 0.9015605103431191
train_acc: 0.9042673163940134, train_f1: 0.9273975651955076, test_acc: 0.8678362573099415, test_f1: 0.9009015766841854
train_acc: 0.8983466759484859, train_f1: 0.9229632777758405, test_acc: 0.8783625730994153, test_f1: 0.9067302118171684
train_acc: 0.9042603550295858, train_f1: 0.9272793597174942, test_acc: 0.8464912280701755, test_f1: 0.8853430662291233
train_acc: 0.8900765750087019, train_f1: 0.9175996773094486, test_acc: 0.8774853801169591, test_f1: 0.9067951307951307
train_acc: 0.9107657500870172, train_f1: 0.9319481441400667, test_acc: 0.8558479532163743, test_f1: 0.8897295167490071
train_acc: 0.9054437869822486, train_f1: 0.9280385251741755, test_acc: 0.8672514619883043, test_f1: 0.8982162764771461
train_acc: 0.9030804037591368, train_f1: 0.9260701047172295, test_acc: 0.8883040935672515, test_f1: 0.9148651059085843
train_acc: 0.8989244691959625, train_f1: 0.9233870298190059, test_acc: 0.8777777777777779, test_f1: 0.9067412587412587
train_acc: 0.9024921684650191, train_f1: 0.925779020239488, test_acc: 0.8681286549707602, test_f1: 0.9004768983029854
acc: 0.8700584795321639(0.012017350191078854)
f1: 0.9011359552047707(0.00864064827083827)
