Extracting dataset  MUTAG..
Parsing dataset  MUTAG..
Parse was succesful..
Deleting unzipped dataset files..
Going back to the original directory..
train_acc: 0.8788513748694744, train_f1: 0.9077523478931049, test_acc: 0.8570175438596491, test_f1: 0.8888247243899418
train_acc: 0.883578141315698, train_f1: 0.9108482347839569, test_acc: 0.862280701754386, test_f1: 0.8951018208844296
train_acc: 0.8770762269404804, train_f1: 0.9067317155781129, test_acc: 0.8625730994152047, test_f1: 0.8920444338270425
train_acc: 0.8788618169161155, train_f1: 0.907416728855547, test_acc: 0.8456140350877194, test_f1: 0.8837190925017012
train_acc: 0.8800208840932824, train_f1: 0.9081291790284185, test_acc: 0.8616959064327485, test_f1: 0.8924085334954899
train_acc: 0.8817855899756353, train_f1: 0.9100233631361861, test_acc: 0.8558479532163743, test_f1: 0.8897696007696009
train_acc: 0.8823912286808214, train_f1: 0.9099583337813826, test_acc: 0.8619883040935672, test_f1: 0.8945643728252424
train_acc: 0.8806056387051863, train_f1: 0.9091672104566142, test_acc: 0.8564327485380117, test_f1: 0.8891661092530658
train_acc: 0.8829829446571529, train_f1: 0.9106049101120848, test_acc: 0.8675438596491227, test_f1: 0.8974970182796269
train_acc: 0.878844413505047, train_f1: 0.9078081470211824, test_acc: 0.8573099415204679, test_f1: 0.8922259383128948
acc: 0.8588304093567253(0.005915464758332686)
f1: 0.8915321644539034(0.0038888323520542816)
