Extracting dataset  MUTAG..
Parsing dataset  MUTAG..
Parse was succesful..
Deleting unzipped dataset files..
Going back to the original directory..
train_acc: 0.8806265227984683, train_f1: 0.9090810181783059, test_acc: 0.8517543859649124, test_f1: 0.8852015359841447
train_acc: 0.883578141315698, train_f1: 0.9108482347839569, test_acc: 0.862280701754386, test_f1: 0.8951018208844296
train_acc: 0.8764879916463627, train_f1: 0.9061586161629082, test_acc: 0.8625730994152047, test_f1: 0.8920444338270425
train_acc: 0.8782701009397842, train_f1: 0.9070016188513959, test_acc: 0.8456140350877194, test_f1: 0.8837190925017012
train_acc: 0.8794291681169509, train_f1: 0.9077140690242673, test_acc: 0.8511695906432749, test_f1: 0.8850495591365156
train_acc: 0.8841524538809606, train_f1: 0.9117108452917103, test_acc: 0.8453216374269006, test_f1: 0.8835791245791246
train_acc: 0.8841559345631744, train_f1: 0.911290494143328, test_acc: 0.8567251461988304, test_f1: 0.8908977061585757
train_acc: 0.8817890706578491, train_f1: 0.9101507018510645, test_acc: 0.856140350877193, test_f1: 0.890396878483835
train_acc: 0.8829829446571529, train_f1: 0.910600078667, test_acc: 0.8675438596491227, test_f1: 0.8974970182796269
train_acc: 0.8770762269404804, train_f1: 0.9065705946442397, test_acc: 0.8573099415204679, test_f1: 0.8922259383128948
acc: 0.8556432748538013(0.007304156255209672)
f1: 0.8895713108147891(0.004929543330186088)
