Extracting dataset  PTC_FM..
Parsing dataset  PTC_FM..
Parse was succesful..
Deleting unzipped dataset files..
Going back to the original directory..
train_acc: 0.6468781777506609, train_f1: 0.41322167856123365, test_acc: 0.5982174688057041, test_f1: 0.32933749257278666
train_acc: 0.6471866314148194, train_f1: 0.422770243909397, test_acc: 0.6070409982174689, test_f1: 0.3467661578187894
train_acc: 0.6408153119562516, train_f1: 0.4014692529767248, test_acc: 0.6162210338680928, test_f1: 0.3252398205659075
train_acc: 0.6579712109913453, train_f1: 0.4427848578342851, test_acc: 0.5894830659536542, test_f1: 0.32819748646979774
train_acc: 0.6485368223623258, train_f1: 0.4235081468441463, test_acc: 0.6194295900178253, test_f1: 0.3639297647357952
train_acc: 0.6549115314215985, train_f1: 0.4357108228189438, test_acc: 0.6132798573975046, test_f1: 0.3496969696969697
train_acc: 0.6555883216957044, train_f1: 0.4439999958591855, test_acc: 0.6044563279857397, test_f1: 0.34953672058935215
train_acc: 0.6700122025625382, train_f1: 0.4828218031528014, test_acc: 0.5827985739750445, test_f1: 0.3205597326649958
train_acc: 0.6475278512191265, train_f1: 0.41465020566438876, test_acc: 0.6044563279857398, test_f1: 0.32939397629934714
train_acc: 0.6498757146408153, train_f1: 0.4287008206490512, test_acc: 0.619162210338681, test_f1: 0.3848573261216282
acc: 0.6054545454545455(0.012407976444532617)
f1: 0.3427515447535369(0.020278964290628764)
