Extracting dataset  PTC_FM..
Parsing dataset  PTC_FM..
Parse was succesful..
Deleting unzipped dataset files..
Going back to the original directory..
train_acc: 0.5877804894583418, train_f1: 0.009411909448818898, test_acc: 0.583065953654189, test_f1: 0.013333333333333336
train_acc: 0.5914740243599305, train_f1: 0.02821325688213392, test_acc: 0.580035650623886, test_f1: 0.0
train_acc: 0.5881160599281404, train_f1: 0.009302325581395349, test_acc: 0.583065953654189, test_f1: 0.0
train_acc: 0.5874449189885431, train_f1: 0.009448818897637797, test_acc: 0.583065953654189, test_f1: 0.0
train_acc: 0.5978476035523015, train_f1: 0.08663980998509686, test_acc: 0.5739750445632799, test_f1: 0.04583333333333334
train_acc: 0.5941563283845163, train_f1: 0.059226045272556906, test_acc: 0.5770053475935828, test_f1: 0.03333333333333334
train_acc: 0.595498610263711, train_f1: 0.10172440944881891, test_acc: 0.5830659536541891, test_f1: 0.07114624505928854
train_acc: 0.6012033082502881, train_f1: 0.09825636768665949, test_acc: 0.5618538324420677, test_f1: 0.021052631578947368
train_acc: 0.5941597179852214, train_f1: 0.06304073891351056, test_acc: 0.5770944741532978, test_f1: 0.047619047619047616
train_acc: 0.5961720109371116, train_f1: 0.06447830139021082, test_acc: 0.589126559714795, test_f1: 0.04
acc: 0.5791354723707665(0.0074267914318686375)
f1: 0.027231792425728353(0.02437314853306612)
