Extracting dataset  PTC_FM..
Parsing dataset  PTC_FM..
Parse was succesful..
Deleting unzipped dataset files..
Going back to the original directory..
train_acc: 0.5431315391046936, train_f1: 0.4496216429983349, test_acc: 0.5436720142602496, test_f1: 0.42918827532620635
train_acc: 0.5421236978283959, train_f1: 0.4495614028358822, test_acc: 0.5195187165775401, test_f1: 0.4059035760712019
train_acc: 0.5508553092445709, train_f1: 0.46050484328463587, test_acc: 0.4622103386809269, test_f1: 0.34292281154350124
train_acc: 0.5364178699749169, train_f1: 0.4424209282646726, test_acc: 0.5223707664884134, test_f1: 0.4462483273554967
train_acc: 0.5414593360902087, train_f1: 0.450051591416808, test_acc: 0.5525846702317291, test_f1: 0.4351476459572411
train_acc: 0.5387702528642125, train_f1: 0.4450817828740122, test_acc: 0.5316399286987522, test_f1: 0.43077129805257675
train_acc: 0.5401080152758004, train_f1: 0.44798123759256087, test_acc: 0.5285204991087344, test_f1: 0.3965811965811966
train_acc: 0.5387657333966058, train_f1: 0.4445976404310136, test_acc: 0.531729055258467, test_f1: 0.4206582020541976
train_acc: 0.5431450975075136, train_f1: 0.45145235207642065, test_acc: 0.5317290552584669, test_f1: 0.41282394423976854
train_acc: 0.5431394481730052, train_f1: 0.44967916505778527, test_acc: 0.5049019607843137, test_f1: 0.37883193823223804
acc: 0.5228877005347593(0.024934164603247825)
f1: 0.4099077215413624(0.030795221679828486)
