Extracting dataset  PTC_FM..
Parsing dataset  PTC_FM..
Parse was succesful..
Deleting unzipped dataset files..
Going back to the original directory..
train_acc: 0.5854314961697512, train_f1: 0.0905795975448683, test_acc: 0.580035650623886, test_f1: 0.082
train_acc: 0.588451630397939, train_f1: 0.041791044776119404, test_acc: 0.580035650623886, test_f1: 0.02857142857142857
train_acc: 0.5861026371093485, train_f1: 0.0, test_acc: 0.5860962566844921, test_f1: 0.0
train_acc: 0.5844247847603552, train_f1: 0.0030303030303030307, test_acc: 0.580035650623886, test_f1: 0.0
train_acc: 0.5894583418073351, train_f1: 0.05, test_acc: 0.5618538324420678, test_f1: 0.008695652173913044
train_acc: 0.5861026371093485, train_f1: 0.0, test_acc: 0.5860962566844921, test_f1: 0.0
train_acc: 0.5861026371093485, train_f1: 0.0, test_acc: 0.5860962566844921, test_f1: 0.0
train_acc: 0.5884516303979391, train_f1: 0.052631578947368404, test_acc: 0.5800356506238858, test_f1: 0.04
train_acc: 0.5773800646283868, train_f1: 0.146346098680436, test_acc: 0.5594474153297683, test_f1: 0.12917350848385328
train_acc: 0.5861026371093485, train_f1: 0.0, test_acc: 0.5860962566844921, test_f1: 0.0
acc: 0.5785828877005348(0.009889795678686138)
f1: 0.02884405892291949(0.04419896786110323)
