Extracting dataset  PTC_FM..
Parsing dataset  PTC_FM..
Parse was succesful..
Deleting unzipped dataset files..
Going back to the original directory..
train_acc: 0.6475481888233566, train_f1: 0.4191842360412387, test_acc: 0.5831550802139038, test_f1: 0.3142205335084592
train_acc: 0.6481933428242154, train_f1: 0.4238185101430402, test_acc: 0.6100713012477719, test_f1: 0.3486709197235513
train_acc: 0.6418208934987458, train_f1: 0.4099552817358251, test_acc: 0.6222816399286988, test_f1: 0.3594064872325742
train_acc: 0.642162113303053, train_f1: 0.40881540137045735, test_acc: 0.598217468805704, test_f1: 0.33856452726017944
train_acc: 0.6455166881341378, train_f1: 0.4183189987772383, test_acc: 0.6285204991087344, test_f1: 0.36249839218677554
train_acc: 0.6428321243757485, train_f1: 0.4114667687733588, test_acc: 0.6102495543672014, test_f1: 0.3411255411255411
train_acc: 0.6525681874675164, train_f1: 0.44053639528290256, test_acc: 0.6014260249554368, test_f1: 0.34048743654006813
train_acc: 0.6542403904820013, train_f1: 0.4378476193737292, test_acc: 0.6009803921568627, test_f1: 0.33796233006759324
train_acc: 0.6414909723634555, train_f1: 0.41004230705559264, test_acc: 0.6105169340463459, test_f1: 0.3497487848894498
train_acc: 0.6468555804126275, train_f1: 0.42496618290831234, test_acc: 0.616131907308378, test_f1: 0.3820774218154081
acc: 0.6081550802139037(0.012961864059513422)
f1: 0.34747623743496(0.01806432712004035)
