Extracting dataset  PTC_FM..
Parsing dataset  PTC_FM..
Parse was succesful..
Deleting unzipped dataset files..
Going back to the original directory..
train_acc: 0.6404921700223712, train_f1: 0.41408567300698707, test_acc: 0.6012477718360071, test_f1: 0.35013759889920876
train_acc: 0.6545703116172914, train_f1: 0.45270668262593416, test_acc: 0.5827985739750445, test_f1: 0.3434244702665755
train_acc: 0.6730289471900209, train_f1: 0.4848174607223651, test_acc: 0.6010695187165775, test_f1: 0.36170401493930904
train_acc: 0.6673344180055589, train_f1: 0.4731568195140358, test_acc: 0.6103386809269162, test_f1: 0.37635610766045546
train_acc: 0.6686733102840485, train_f1: 0.47709108510180814, test_acc: 0.6072192513368984, test_f1: 0.3671132596035006
train_acc: 0.6525602783992046, train_f1: 0.4383032839000194, test_acc: 0.6193404634581106, test_f1: 0.3887473367780273
train_acc: 0.649211352902628, train_f1: 0.43484019594868784, test_acc: 0.6074866310160429, test_f1: 0.37411584516847673
train_acc: 0.6669920683343502, train_f1: 0.46803408589564655, test_acc: 0.5827985739750445, test_f1: 0.3364519335228717
train_acc: 0.6626680677016247, train_f1: 0.460158325661806, test_acc: 0.6073975044563281, test_f1: 0.37526121356246545
train_acc: 0.6686642713488351, train_f1: 0.483291550370029, test_acc: 0.5919786096256685, test_f1: 0.3668209748129656
acc: 0.6011675579322638(0.011967650209393372)
f1: 0.3640132755213856(0.0163012744984722)
