Extracting dataset  PTC_FM..
Parsing dataset  PTC_FM..
Parse was succesful..
Deleting unzipped dataset files..
Going back to the original directory..
train_acc: 0.6428490723792737, train_f1: 0.41507729442632113, test_acc: 0.595187165775401, test_f1: 0.332345391107001
train_acc: 0.6582604569181749, train_f1: 0.4570792330283962, test_acc: 0.5767379679144385, test_f1: 0.33217090901301427
train_acc: 0.6609495401441711, train_f1: 0.4619051610267865, test_acc: 0.5980392156862745, test_f1: 0.3537217230248898
train_acc: 0.6371240367884663, train_f1: 0.4033486116962721, test_acc: 0.5982174688057041, test_f1: 0.33674258109040717
train_acc: 0.6545759609517999, train_f1: 0.43948792684330373, test_acc: 0.6133689839572193, test_f1: 0.34682759755313264
train_acc: 0.6582661062526834, train_f1: 0.4553801540044047, test_acc: 0.6193404634581106, test_f1: 0.38516976539859826
train_acc: 0.6465256592773372, train_f1: 0.42997727121728613, test_acc: 0.6044563279857397, test_f1: 0.3710359231411863
train_acc: 0.6616229408175717, train_f1: 0.4591785728195902, test_acc: 0.5979500891265597, test_f1: 0.35560208162038826
train_acc: 0.6424942941721465, train_f1: 0.41184770004266513, test_acc: 0.6044563279857398, test_f1: 0.32934860595649396
train_acc: 0.6515546968567103, train_f1: 0.4377632675111144, test_acc: 0.6070409982174689, test_f1: 0.3728073585453448
acc: 0.6014795008912656(0.011526284653769567)
f1: 0.3515771936450457(0.019612417487065187)
